map:0.004646173715243045
mrr:0.004741444038882619
hits10:0.005
mean_rank:133951.411
