map:9.090512862529464e-06
mrr:1.088665231645446e-05
hits10:0.0
mean_rank:762141.227
average_time:2.989378544807434
