map:0.03440334893250651
mrr:0.0352178814717971
hits10:0.066
mean_rank:113512.49
average_time:2.4449948830604553
