map:0.04131534825818707
mrr:0.041925630644870183
hits10:0.074
mean_rank:47809.413
average_time:2.4246969232559206
