map:0.00890213098771442
mrr:0.009381371588083278
hits10:0.018
mean_rank:35867.366
average_time:2.418461704492569
