map:0.04528303958205562
mrr:0.045406875229986134
hits10:0.065
mean_rank:51429.552
average_time:2.8810456206798554
