map:0.015573726920596805
mrr:0.01565295266320705
hits10:0.03
mean_rank:237299.496
average_time:2.924243983030319
