map:0.001095928801630699
mrr:0.0011157349039894557
hits10:0.004
mean_rank:447251.592
average_time:2.758161498069763
