map:0.03608216486889428
mrr:0.03654496319402218
hits10:0.059
mean_rank:83329.162
average_time:2.861249477863312
